1.168866256514300233e+02 -1.463996728210325386e+02 5.557154129228081274e-03
-6.665527960460687495e+01 1.040389801518652320e+02 7.114916123903469725e-03
6.986438156716202741e+01 -4.706936159167143785e+01 7.758592524147900349e-03
-1.409814678116915729e+02 -4.263180858718234845e+01 6.615290099450277239e-03
2.587511567003139135e+01 2.394115431886188361e+01 8.217859617948519713e-03
-2.797468132157336385e+01 1.985082306115653523e+02 5.150641786372034403e-03
-2.569908773122521239e+01 8.311644065980480889e+01 7.719626376626820274e-03
-1.432227016012223331e+01 -2.995060947759102987e+01 8.228732865898535920e-03
1.047535896296415956e+02 7.994592763702203797e+01 6.952456779316662505e-03
-1.576684879381282656e+02 6.747629976390457784e+01 6.009438590162119453e-03
-1.060942395792262971e+02 6.895622076519504162e+01 7.059193529553198232e-03
1.555703516440105147e+02 1.526464634051077667e+02 4.584376140819301781e-03
-8.254716261996948745e+00 -9.208466340932395156e+01 7.642278115028489083e-03
3.042555658482108072e+01 -6.461045284029250979e+01 7.914157258049669963e-03
-5.148602853432488757e+01 2.880190306350415952e+01 8.042459927974476841e-03
-2.153094580075810143e+02 1.759913494171272319e+01 4.659468870465310886e-03
3.345975475776687347e+01 1.050958132692948084e+02 7.357853682179893440e-03
1.510188569044842666e+02 8.628566784752221963e+01 5.942458017585749985e-03
-5.451950990506900752e+01 -3.819299199665647393e+01 7.967715875192737940e-03
4.559449046742255973e+01 -1.135273491985398131e+01 8.142447387728068975e-03
1.601194974643238140e+02 3.006903432671466803e+01 6.235801787784822636e-03
1.881807863563979879e+02 -4.326644503894917193e+01 5.393923921005239208e-03
7.441471253715492651e+01 -9.757972909900288982e+01 7.131733831052144978e-03
-5.679571979101346813e+01 1.604668846811564720e+02 6.034761785087994213e-03
1.017204980528804015e+02 1.657501095205033153e+02 5.341158186041639055e-03
-1.007860823550332441e+02 1.889975471145087909e+02 4.706467241575751359e-03
3.880323546327741013e+00 1.454618519729668833e+02 6.647817485735174614e-03
2.208256313693946282e+01 -1.707032927912824221e+02 5.982270145722168309e-03
-5.982824894555449902e+01 -1.081466689902587319e+02 7.113916891135829701e-03
6.379782403475723385e+01 1.403895245459634964e+02 6.444344219197262191e-03
1.055107669136965853e+02 -7.179642873007898629e+01 7.037379429263523889e-03
6.531505963480020682e+01 2.054823214291854185e+02 4.655857365207793919e-03
-7.423821277077546199e+01 -1.576003891269069186e+02 5.927525000387845466e-03
1.957671366552842755e+02 8.353762923961281217e+01 4.763563286722671819e-03
-9.395814570391846132e+01 -6.165200114771675288e+01 7.324520038643811404e-03
-1.553909933224066435e+02 -1.079361433818729807e+02 5.506334730085882256e-03
7.365696933972500915e+01 2.098220150597282441e+01 7.855768659473127968e-03
-1.311223241401203268e+02 1.083740011549695303e+01 6.959337240775020916e-03
6.758838473298979466e+01 -1.745075810634801883e+02 5.559178611534321135e-03
-2.137935476524158105e+02 7.508372476991507938e+01 4.290814128488307233e-03
-9.320038885201941525e+01 3.049238648313391309e+01 7.561758552711239645e-03
2.063847099339200213e+02 4.253744101352920381e+01 4.836179341783264363e-03
-2.175835672042089755e+02 -5.298857304403314572e+01 4.385607291315096745e-03
5.242073381431548285e+01 5.627613952183086354e+01 7.850757649919160031e-03
-7.651325226652107858e+01 -1.996571362623597850e+02 4.717310782012873460e-03
-1.864901977280444498e+02 1.215790226106774412e+02 4.426818389099196338e-03
1.578423217349578636e+02 -1.176578299866872328e+02 5.273454791215215209e-03
-1.895219376480453093e+02 -1.515820129362733404e+01 5.483579417894901553e-03
6.155715617099772885e+00 2.335907437938013231e+02 4.015076900699909856e-03
1.942475028352811535e+02 -9.462223959434156484e+01 4.654458049159870825e-03
2.966769026248024943e+01 1.782195607642900654e+02 5.744969475784955648e-03
-2.949078467533125192e+01 -1.449197835191026797e+02 6.593262717956349661e-03
-1.326404266096353410e+02 1.268632105723101233e+02 5.669664051026757079e-03
1.138545746506492122e+02 3.957985049243082898e+01 7.176591484206795712e-03
2.200358826284387703e+02 -3.957659178764928232e+00 4.521439362850543375e-03
-1.773860652518874303e+02 -7.433331830884897329e+01 5.415320178737914603e-03
3.800975867044553524e+01 -1.206156652133834228e+02 7.056490370501933285e-03
-1.098847612911201992e+02 -1.267449565994969305e+02 6.104358065393000743e-03
-1.053013572928463581e+01 4.359582550222469877e+01 8.157076626272186104e-03
1.343318249467613725e+02 -2.804925322262014120e+01 6.839881057876695536e-03
-1.508398131396669442e+02 -1.559103492210365118e+02 4.618608924410239069e-03
-1.167101766896573594e+02 -1.791574278159389166e+02 4.720465834353149148e-03
-9.395847923527099965e+01 -1.684785074596109666e+01 7.601515489287002936e-03
-1.432593135711256025e+02 1.803321853693963135e+02 4.146520296913536185e-03
-6.665593023829468677e+01 2.272503615150697556e+02 3.900112939874134099e-03
-1.659735612189775367e+01 -2.059971265436622900e+02 4.951786733258245476e-03
-1.720783236921486434e+02 2.203794500169640713e+01 5.957548338757945317e-03
1.062715807605029852e+02 2.105542094121824448e+02 3.939144714848907824e-03
1.206813971635699829e+02 1.266519902934160484e+02 5.911205444924405583e-03
-3.252521729053417232e+01 1.281319073263982489e+02 6.939545461385421277e-03
1.548091149981205490e+02 -7.454436154645853208e+01 6.000374693908128165e-03
1.874248836381240153e+02 1.274965368276134683e+02 4.283357122574216191e-03
3.725105985551795129e+01 -2.104353185300893188e+02 4.719101063301422982e-03
-1.971048661217802191e+02 -1.094161083231322493e+02 4.329126047288411883e-03
9.489308450980590237e+01 -1.452311415424574115e+01 7.593432661026078279e-03
2.139655264780989796e+02 -1.709164274363979530e+02 2.428342489380952429e-03
2.200322387505487711e+02 -2.129732660046640831e+02 9.505193888230678567e-04
-2.213816273203274818e+02 2.817743812975960509e+02 -1.777003542542843206e-03
1.441893262621911163e+02 -2.214257869069837170e+02 2.825308312580432357e-03
-3.275616347928474283e+02 1.239008930947553040e+02 -1.298962891894461791e-03
8.351446943879895457e+01 -3.188531613024296121e+02 -2.380506366250756400e-04
-1.576647364194680563e+02 -2.328383287054284665e+02 2.098355487163416910e-03
3.148453636778589839e+02 1.720868009076052658e+02 -1.782303116399930332e-03
-1.940696564736410608e+02 -2.051532461248846460e+02 2.050259985907132432e-03
2.215565700753833198e+02 2.128774551938768695e+02 9.010012254435650902e-04
-1.038161923947503738e+02 -2.607347021204633393e+02 2.116965796460590354e-03
-2.691567408311639156e+02 -8.088649229098110993e+01 2.124970156920369391e-03
5.545308211940390208e+01 -2.689766722947754261e+02 2.376535524987843928e-03
-1.743567916475311961e+02 2.494400602653753083e+02 1.033608660719664840e-03
-3.381786384018396916e+02 7.634904682230053652e+01 -1.102711638299780361e-03
-1.948272629544723600e+02 -2.584110345359437133e+02 8.276941538554183353e-05
-3.131488815560323360e+02 3.387029097627385710e+01 5.431372973792036873e-04
-1.432610788714487171e+02 3.358786106493793113e+02 -2.177380069014134278e-03
3.118040926496411203e+02 -1.301297753353384792e+02 -6.343450168202480199e-04
-2.668849002458169366e+02 8.311364524479472493e+01 2.191601945462195999e-03
-2.995007589053249148e+02 1.961799653286942089e+02 -1.742620239639336432e-03
1.009628517542315365e+02 2.663480808638992130e+02 1.929715106598450802e-03
2.943647784223264239e+02 6.916457441423767705e+01 1.150687445960585364e-03
1.282617484882130441e+02 -2.801782431356480743e+02 8.442168501545666004e-04
1.252289830823902150e+02 -1.863430820657345066e+02 4.352162229153577755e-03
-7.955030724811381049e+01 3.301729867230038735e+02 -7.660396140636294149e-04
-1.235403591456583285e+02 2.612757140715806941e+02 1.743424645937352579e-03
2.708492656361690933e+02 -1.039226262605576494e+02 1.718075670076757433e-03
1.851518875162408335e+02 2.876924915899250550e+02 -8.886265821388406039e-04
-5.603778802157903272e+01 2.773380531623753882e+02 2.011664855473327407e-03
-2.714388526505451296e+02 2.354898889629558596e+02 -1.823960247321565475e-03
2.700956744396550562e+02 1.224228715978564850e+02 1.420212614057447809e-03
-2.547475043363179452e+02 -2.889647050086790969e+01 3.165865752421836987e-03
1.495045828511896673e+02 3.073476065776279711e+02 -8.752118696406796516e-04
5.469717583272998951e+01 3.122091989440760358e+02 4.041711267177561240e-04
-2.145482210217449790e+02 -1.468236357962536260e+02 3.011694971689848899e-03
5.397045814033830879e+00 -2.687652112373386899e+02 2.624101231631925657e-03
-1.296022572275537357e+02 -2.991988927757462875e+02 -5.078641218858592765e-05
-2.570270609430561990e+02 1.792736800292879025e+02 6.090276989425547072e-04
-3.230046868214650999e+02 -1.206197410117007394e+02 -1.003533845349124931e-03
-1.917999617698358179e+02 1.627902982571332871e+02 3.346482890208335448e-03
1.722517579649291406e+02 -1.768333195387787669e+02 3.528355643595659785e-03
-3.025041779215207072e+01 3.561680492827664466e+02 -1.747144764379982007e-03
2.488602550121252648e+02 1.799078645104471548e+02 9.147391540409444133e-04
2.367204091502162555e+02 -6.630335871643998757e+01 3.579449267913759059e-03
-2.714367530353787288e+02 1.378506837388541157e+02 1.047071846500102765e-03
7.672674418142079844e+00 3.139000370196055201e+02 5.505503892493379681e-04
1.957685887073286892e+02 1.771613760704226479e+02 2.841220630301677375e-03
3.140826527056994451e+02 9.011783399904300662e-01 5.875417723836262596e-04
-2.357830178540705219e+02 -2.165663368636330688e+02 2.665467961406875474e-04
2.746399951606853733e+02 -1.702835807361392995e+02 1.229614865678740898e-04
-2.828056260774276325e+02 -2.131858568085519892e+02 -1.529329301831694465e-03
-2.517107633485633187e+02 -1.785253770092396337e+02 8.419883502170932843e-04
-3.169383846963580709e+02 -7.412471070859160704e+01 1.370607158790448921e-05
-5.300153559812277848e+01 -2.994096790627999098e+02 1.035030489447308355e-03
2.503752804942643877e+02 8.522738652363605638e+01 2.832561591780802246e-03
1.866609996614917577e+02 -2.400242973179379646e+02 1.048602943626519846e-03
2.625135735091549236e+02 2.369694595498543777e+02 -1.505684218258807050e-03
9.868795506196386214e+01 3.270027481115751016e+02 -8.691679911123628699e-04
-3.252822809936591284e+02 -3.164551548243646906e+01 -5.221210091299610667e-05
3.421431941210667560e+02 -6.461505346569276753e+01 -1.183729645841680167e-03
-2.130377166993298488e+02 2.299961630504166692e+02 5.939286972420632083e-04
2.284197135996340933e+01 3.694824989358269249e+02 -2.477262911185107441e-03
-1.576712412912933701e+02 2.879042050269612218e+02 -1.602046779254351350e-04
-2.532284888277924324e+02 -1.354119731503855917e+02 1.847936618275980436e-03
2.625041453112230556e+02 -2.163555239427692527e+02 -7.693137500268676376e-04
-3.024896467107044629e+01 -2.501672918981361988e+02 3.314802684215578665e-03
1.866604026405167929e+02 -2.803903120880726192e+02 -6.058556188008878962e-04
3.307696232146769262e+02 4.929768416296476374e+01 -4.467589332470822683e-04
2.435449838995253629e+02 -1.366798247347945221e+02 2.197611517360087419e-03
1.904604670405171873e+02 2.460583834694209315e+02 7.053507309393580726e-04
2.791948851210855196e+02 2.436077358782561220e+01 2.162309968099407342e-03
-1.128878532164136317e+01 2.739567285571822026e+02 2.394493593698143741e-03
2.245913627178315721e+02 2.678258682742933843e+02 -1.285372305289911310e-03
2.283812848998597644e+02 1.372175153623992117e+02 2.746607839810621954e-03
-3.609309652693887642e+02 3.999788409799332811e+01 -2.015683981184679396e-03
-3.723039126992540560e+02 -8.553860091960294199e+01 -3.119205572076566568e-03
4.688024050834453078e+02 -5.870159289923277868e+01 -9.172648413262152189e-03
-4.451124317648366855e+02 -1.229482004482213426e+02 -8.395727061042634887e-03
6.683332346861637063e+01 4.618380140033744965e+02 -8.833115150110870673e-03
9.261488734490765751e+01 -4.065594986678882492e+02 -5.374460837231254118e-03
-1.993758556586506643e+02 -3.824679248638903459e+02 -6.319391363604154321e-03
-5.375956424187197058e+01 -3.919767837765622289e+02 -4.011796123791100399e-03
4.377032896507329269e+02 -1.504221879321565325e+02 -8.474844797248692885e-03
-3.988455330524413398e+02 -2.005085676296794759e+02 -7.312689424225027324e-03
-5.528025679176378304e+01 4.888896145628929162e+02 -1.074815351515212569e-02
-3.002609108079809630e+02 2.676129547819691652e+02 -4.387599004687103843e-03
3.580652821848071312e+02 -2.440434634162507166e+02 -6.418885405338414785e-03
2.321642939482183863e+02 -3.649272303769623704e+02 -6.395326724486949388e-03
4.665303814835166349e+02 3.027276831402626556e+01 -8.806960732838930994e-03
9.565490853383803938e+01 4.320388602196833858e+02 -7.102120589195237699e-03
1.616319090546733150e+02 -3.192766007495307576e+02 -1.759514156532304696e-03
-3.889964242102320213e+02 1.391156498478356980e+02 -5.062680023563359555e-03
3.709616288293930211e+02 -1.385849896954855751e+02 -3.977400646313355992e-03
-4.034083660743474979e+02 1.830739753094326829e+02 -7.072746973051380337e-03
1.912099514582171480e+02 -3.461172463745474488e+02 -3.983660471675420922e-03
1.487381187373229352e+02 -3.719002053991298453e+02 -4.310623837625371380e-03
5.396961128082040204e+00 -4.667911850646443099e+02 -8.847739640060581223e-03
2.996659709999153165e+02 -2.645419596037278893e+02 -4.230926902224041442e-03
-2.046978395770902637e+02 4.227385938007905111e+02 -9.041685275690269918e-03
-3.609367545990907047e+02 2.424618754913490761e+02 -6.520024330697538062e-03
-1.227754594170884559e+02 -4.010649048399180856e+02 -5.533870137185203930e-03
-3.760984470366863661e+02 -6.497428498944075592e+00 -2.768735050081794213e-03
-3.704259695709637867e+00 4.394361292488827075e+02 -6.894133968643245680e-03
3.633860884626483312e+02 1.665906495922700969e+02 -4.214720676785077558e-03
3.686929117902627695e+02 8.670386705103101121e+01 -2.925402728500614558e-03
-3.556256725137488388e+02 1.752558219208757748e+02 -4.010904755062938420e-03
2.564494997738868847e+02 4.125933184339913851e+02 -1.024377585960678516e-02
-2.486728240169614423e+02 -3.926131402894067151e+02 -8.668971682851633886e-03
-2.987316216562422824e+02 -2.552429602307893219e+02 -3.806451675572475324e-03
-3.814102579105262407e+02 8.374472498346297300e+01 -3.632967083312621526e-03
3.846149811222236394e+02 -8.722969282224113385e+01 -3.872205269189521459e-03
4.232986542895723687e+02 1.569181044411036474e+01 -5.740616892094152490e-03
4.013090936555224744e+02 1.809606395042212057e+02 -6.879819397923370161e-03
4.536388823290972709e+02 8.670109989450855892e+01 -8.397545077933443736e-03
4.180110752565024512e+01 -3.680952706392412779e+02 -2.492685170182085130e-03
-3.442359827862751445e+02 -2.983575600565901595e+02 -7.978258717031394553e-03
-9.092818734457105734e+01 4.645852859760730098e+02 -9.331344605811864312e-03
-2.524663356283324163e+02 -3.213914949129045908e+02 -4.812847294033417711e-03
2.306610812529214058e+02 3.806814436940708219e+02 -7.265958994707943930e-03
2.898197607099595530e+02 3.153760937070263140e+02 -6.098001286915177843e-03
3.880170144053252557e+00 -3.535127131425278435e+02 -1.528220576290095778e-03
4.255716854634932815e+02 -5.235985114765681914e+01 -6.088296305208018566e-03
-3.920347438220765071e+02 2.847289979895534771e+02 -1.010932466176939215e-02
2.784346337859473692e+02 -5.763925612591066283e+01 1.980603417020887491e-03
-1.250501717760543983e+02 -4.553794193517728104e+02 -9.241648711906691460e-03
-9.092229862817310959e+01 -3.528790187886194190e+02 -2.139392988055988098e-03
-4.739381607785402366e+02 1.695805247032348717e+01 -9.303193558993783085e-03
8.882251465371068377e+01 -4.477708564697267661e+02 -8.093480642742179043e-03
-4.125048028887742362e+02 3.048598989900761325e+01 -5.087695356149168902e-03
9.868256328914054620e+01 -3.626007362882363623e+02 -2.802475038208740443e-03
1.646761891309934072e+02 4.926927847935244245e+02 -1.292715415135603507e-02
1.176511660382734732e+02 5.089665050141134088e+02 -1.317092273194475638e-02
1.707431332481750417e+02 4.320380678374151557e+02 -8.669082389872073691e-03
1.313026140025126267e+02 4.090024570945234927e+02 -6.210009873711896944e-03
1.320616433048831482e+02 4.628942010699400953e+02 -9.926357793830220544e-03
2.048745663417636820e+02 4.580324047196643846e+02 -1.149561095149920220e-02
-5.027552854277033134e+02 -7.518744615189086744e+01 -1.193062604713190922e-02
-4.216025089815458387e+02 -7.750921829876591573e+01 -6.082113523511623043e-03
-4.891054442362081431e+02 -2.319718743533315930e+01 -1.046718331423868165e-02
-5.088205617097597724e+02 -1.301361800292906992e+02 -1.329983637116072259e-02
-5.399176763465143267e+02 -9.843641908639666838e+01 -1.528398472708403233e-02
-4.542162889378985824e+02 -4.919074443705159894e+01 -8.037151231366834736e-03
3.573030384573556830e+02 -3.788786204031397347e+02 -1.299120067088210817e-02
3.155905560332951154e+02 -3.581661472690794312e+02 -9.590092297543151290e-03
3.201424772532518546e+02 -3.027950743842158658e+02 -6.934388333604601939e-03
2.791859510254927272e+02 -3.795106719882177799e+02 -9.133953233799729787e-03
3.482032738903139943e+02 -3.334401763616324388e+02 -9.939143304478648133e-03
2.693274216271790351e+02 -3.370310337873378330e+02 -6.313068556380585505e-03
