1.188713789513976167e+02 -1.489198553649891323e+02 3.318276423534172181e-02
-6.467048692287077927e+01 1.015188264690589932e+02 3.489701717828808114e-02
7.184915048742709587e+01 -4.958953674230744468e+01 3.543825573018111186e-02
-1.389966981939676884e+02 -4.515195058205388534e+01 3.436228063981516812e-02
2.785989575678737751e+01 2.142098608530768900e+01 3.593939076225538543e-02
-2.598987378523821690e+01 1.959880708470426498e+02 3.295821563942524790e-02
-2.371429833935574294e+01 8.059628053643785961e+01 3.548068592298392332e-02
-1.233749854779611788e+01 -3.247077139014361791e+01 3.594137078318127010e-02
1.067383785227040107e+02 7.742574700039941149e+01 3.467169146268389568e-02
-1.556837010061819342e+02 6.495616039328169222e+01 3.380532744833786296e-02
-1.041094524142402804e+02 6.643607328415338031e+01 3.483963205745510550e-02
1.575551519684331083e+02 1.501262747785306431e+02 3.231666824461854048e-02
-6.269954420382633842e+00 -9.460482627575518677e+01 3.532836409436157510e-02
3.241032274681469261e+01 -6.713062178927063428e+01 3.559912135032305969e-02
-4.950124768326999458e+01 2.628174699498612554e+01 3.578997726974542104e-02
-2.133246789191942696e+02 1.507900463561846216e+01 3.245348251497670589e-02
3.544454760575859353e+01 1.025756438433972733e+02 3.510924194721809499e-02
1.530036467941487501e+02 8.376547993613029064e+01 3.364982246581860181e-02
-5.253473958892951856e+01 -4.071314758812664536e+01 3.568958179542747189e-02
4.757926500421874749e+01 -1.387290625422812340e+01 3.584383599587237512e-02
1.621042785140594162e+02 2.754884498414426375e+01 3.391802013062594767e-02
1.901655558739260528e+02 -4.578663879378991908e+01 3.303830444349031836e-02
7.639947351451088764e+01 -1.000999049649207109e+02 3.478993111723838183e-02
-5.481091823637210325e+01 1.579467294483673925e+02 3.383619684513661241e-02
1.037053004380792487e+02 1.632299293614632631e+02 3.309539744239486936e-02
-9.880127631437898117e+01 1.864773987996874212e+02 3.253290750191695224e-02
5.865122741626962011e+00 1.429416871986852016e+02 3.442442789727095942e-02
2.406731261532068444e+01 -1.732234604275561480e+02 3.362771331669023311e-02
-5.784348962983858655e+01 -1.106668237465893867e+02 3.480966437903987298e-02
6.578262243237020357e+01 1.378693503497925974e+02 3.420030881413538282e-02
1.074955319454241902e+02 -7.431660948578692683e+01 3.469614202357718113e-02
6.729986826764589125e+01 2.029621469951346739e+02 3.243718981245535815e-02
-7.225346123198454507e+01 -1.601205416168088789e+02 3.360812201864860072e-02
1.977519261124526224e+02 8.101743429206433689e+01 3.245592168671862510e-02
-9.197337907688655889e+01 -6.417215053724116558e+01 3.504933757109185422e-02
-1.534062339740798393e+02 -1.104562831104140628e+02 3.323188250140418631e-02
7.564174896107259372e+01 1.846202575891119935e+01 3.556126669299519705e-02
-1.291375461143007897e+02 8.317256570142912864e+00 3.472448741306388698e-02
6.957313361301547161e+01 -1.770277558553331403e+02 3.318896086919664867e-02
-2.118087595247391732e+02 7.256359422558645633e+01 3.210717583402811215e-02
-9.121560773528433685e+01 2.797223697435038048e+01 3.532291868459580542e-02
2.083694929438642873e+02 4.001724439635222552e+01 3.250896034185757344e-02
-2.155987992157664905e+02 -5.550870299241073980e+01 3.215230714937789003e-02
5.440551898560563870e+01 5.375596711414603135e+01 3.557686993024944400e-02
-7.452850734149538425e+01 -2.021772883940296879e+02 3.238192013897389643e-02
-1.845054022889796954e+02 1.190588877728645656e+02 3.225314677209922820e-02
1.598270795544659961e+02 -1.201780189707784245e+02 3.289773863980371971e-02
-1.875371637104681781e+02 -1.767833565510902361e+01 3.325657046920760251e-02
8.140528669776188053e+00 2.310705786627534621e+02 3.182596396219139478e-02
1.962322642769223080e+02 -9.714243430286953185e+01 3.227656550207314012e-02
3.165249460862001385e+01 1.756993919353246838e+02 3.352656462043057672e-02
-2.750603114232120561e+01 -1.474399430457609697e+02 3.426497860782262705e-02
-1.306556303392531504e+02 1.243430672661776555e+02 3.348134466135377352e-02
1.158393571962482298e+02 3.705966842460158261e+01 3.487697209504858620e-02
2.220206583269679470e+02 -6.477857942446759942e+00 3.217151832237341580e-02
-1.754013006195708897e+02 -7.685345457865267349e+01 3.316104685355369952e-02
3.999451602539822659e+01 -1.231358353546246036e+02 3.471686384446570628e-02
-1.079000049002806634e+02 -1.292651034840857847e+02 3.380828850190908952e-02
-8.545352551864402457e+00 4.107566299338429161e+01 3.589773079210800688e-02
1.363165968576333000e+02 -3.056943851033786430e+01 3.450704746234478648e-02
-1.488550613355210146e+02 -1.584304896648896204e+02 3.232369728304007594e-02
-1.147254285410658952e+02 -1.816775736266834826e+02 3.240571274365322552e-02
-9.197370556273702391e+01 -1.936800013554710631e+01 3.534411887251653894e-02
-1.412745088932639135e+02 1.778120437336735620e+02 3.198272840633364922e-02
-6.467111818266951673e+01 2.247302078336307432e+02 3.173112498818397853e-02
-1.461261219376106624e+01 -2.085172880971429095e+02 3.259524755283393915e-02
-1.700935439053616278e+02 1.951780789703133578e+01 3.373988065304533990e-02
1.082563901906735708e+02 2.080340285380414400e+02 3.170975446874990666e-02
1.226661934007977237e+02 1.241318071525697917e+02 3.364402787297393616e-02
-3.054042082026162319e+01 1.256117482767393199e+02 3.472059733071830578e-02
1.567938795974124844e+02 -7.706455005387331880e+01 3.364271636794313736e-02
1.894096800076457612e+02 1.249763431920630126e+02 3.199575988901415258e-02
3.923580308567696306e+01 -2.129554885510897861e+02 3.234405507240012412e-02
-1.951201070065402234e+02 -1.119362414917387269e+02 3.206705789529706863e-02
9.687785854788883455e+01 -1.704329324055908046e+01 3.527823257532780588e-02
2.159502759218481742e+02 -1.734366252446759233e+02 3.001403208098452069e-02
2.220169815804346456e+02 -2.154934647663363307e+02 2.851762728624862575e-02
-2.193968066926009044e+02 2.792542519488757193e+02 2.612376706143493266e-02
1.461740677635125962e+02 -2.239459737431729422e+02 3.041264536774690441e-02
-3.255768389904424112e+02 1.213807804425656087e+02 2.657215553881542291e-02
8.549919561879673324e+01 -3.213733385963298588e+02 2.732947879823655057e-02
-1.556799967129671813e+02 -2.353584680750613529e+02 2.977502832987966030e-02
3.168301670572693070e+02 1.695665872377082906e+02 2.590817712447801568e-02
-1.920849124136964008e+02 -2.076733797698616399e+02 2.974924355146413291e-02
2.235413798699306369e+02 2.103572561924858064e+02 2.863668358153859117e-02
-1.018314570749288208e+02 -2.632548499577338816e+02 2.976581967654112759e-02
-2.671719772303462150e+02 -8.340661412862583290e+01 2.989663295058164749e-02
5.743781614325344975e+01 -2.714968451770914726e+02 2.997259037736910159e-02
-1.723719761034789428e+02 2.469199235209310928e+02 2.890692052302767934e-02
-3.361938500768618496e+02 7.382893583955106465e+01 2.675283182341914312e-02
-1.928425272698830497e+02 -2.609311680610018698e+02 2.776084701218906048e-02
-3.111640999102937712e+02 3.135017605696926069e+01 2.837403472622490597e-02
-1.412762497360056386e+02 3.333584690164303197e+02 2.572057531040172762e-02
3.137888485060996118e+02 -1.326499885274266433e+02 2.693711109584029373e-02
-2.649001108560914872e+02 8.059352304986381910e+01 3.002766083682217868e-02
-2.975159517372346727e+02 1.936598482641277883e+02 2.614846459898956255e-02
1.029476699573181406e+02 2.638279008253434199e+02 2.972412399000745609e-02
2.963495656182142284e+02 6.664436396373849902e+01 2.880667976457473856e-02
1.302464807501438315e+02 -2.826984274664489476e+02 2.841318407442372518e-02
1.272137301009142192e+02 -1.888632659210369411e+02 3.195932195471584691e-02
-7.756547900944040919e+01 3.276528350710365203e+02 2.710983897495111705e-02
-1.215555417402415799e+02 2.587555693360175155e+02 2.960563271160765453e-02
2.728340256144142586e+02 -1.064428330134741145e+02 2.931267067935294790e-02
1.871367090748370288e+02 2.851722983138396330e+02 2.688807543606230865e-02
-5.405296809029329097e+01 2.748178978119885869e+02 2.985925816437884350e-02
-2.694540393010286152e+02 2.329697674857098662e+02 2.607400303102735961e-02
2.720804700104517337e+02 1.199026649635391664e+02 2.910489354566436759e-02
-2.527627325597891286e+02 -3.141659460476942556e+01 3.095368606870430028e-02
1.514894075005428817e+02 3.048274189070404532e+02 2.692037765102384128e-02
5.668200124696823394e+01 3.096890261813555867e+02 2.823117236468419833e-02
-2.125634677892166451e+02 -1.493437662213825945e+02 3.074020156491741318e-02
7.381779871215471189e+00 -2.712853762484885465e+02 3.023580572482842399e-02
-1.276175279568671499e+02 -3.017190365573184181e+02 2.759081704778054700e-02
-2.550422564327367638e+02 1.767535562848404993e+02 2.848019345594821061e-02
-3.210199294696377592e+02 -1.231398543805612036e+02 2.676910103012630771e-02
-1.898151598506673565e+02 1.602701642547009158e+02 3.119082192247901730e-02
1.742365064785965103e+02 -1.793535107880421151e+02 3.112466796802948465e-02
-2.826558546608446676e+01 3.536478898788249126e+02 2.612372243152094597e-02
2.508450596222340607e+02 1.773876612155749228e+02 2.862884318422231900e-02
2.387051750446413223e+02 -6.882356010336826557e+01 3.119959076160228051e-02
-2.694519550386544324e+02 1.353305622601471043e+02 2.890627497775000165e-02
9.657500098311608383e+00 3.113798716513853151e+02 2.839284582854872951e-02
1.977533928861567460e+02 1.746411811234004290e+02 3.057074407047366549e-02
3.160674291670478055e+02 -1.619035210896129229e+00 2.821030423149550881e-02
-2.337982755893771412e+02 -2.190864639485141652e+02 2.797397116113131688e-02
2.766247447032286004e+02 -1.728037880845051291e+02 2.769003463366459528e-02
-2.808208832817120992e+02 -2.157059764984597052e+02 2.619405940704666591e-02
-2.497260151017802627e+02 -1.810455015897296676e+02 2.856946668070747819e-02
-3.149536200329094413e+02 -7.664482503178039963e+01 2.780291150643421361e-02
-5.101680636024919835e+01 -3.019298348901942859e+02 2.865273009645363800e-02
2.523600702165419136e+02 8.270718298977483585e+01 3.050860952281908567e-02
1.886457382376576390e+02 -2.425444908320507977e+02 2.861534979004431989e-02
2.644983870913993087e+02 2.344492541089663291e+02 2.622682564361866753e-02
1.006727828020769664e+02 3.244825684318502681e+02 2.695002617795694277e-02
-3.232975096504118255e+02 -3.416562849353313425e+01 2.775645081514355184e-02
3.441279602794888888e+02 -6.713527142836390738e+01 2.640429920474929304e-02
-2.110529042129488744e+02 2.274760323886877700e+02 2.847155041487781091e-02
2.482680577948706002e+01 3.669623311834459969e+02 2.538237977657331612e-02
-1.556864196991580798e+02 2.853840656592003029e+02 2.772318753191882479e-02
-2.512437338011490340e+02 -1.379320974926179701e+02 2.959300148624066651e-02
2.644888876087142080e+02 -2.188757293824257601e+02 2.678324420874389489e-02
-2.826422768916427941e+01 -2.526874513042603780e+02 3.094497460614320516e-02
1.886451348686454708e+02 -2.829105056014311685e+02 2.694486745743063238e-02
3.327544072860135884e+02 4.677746798847399390e+01 2.719002624640864951e-02
2.455297387268786906e+02 -1.392000271943257701e+02 2.978769370426448404e-02
1.924452820526793460e+02 2.435381893579373696e+02 2.846387461788424389e-02
2.811796652719278882e+02 2.184056552238033433e+01 2.980523399111589811e-02
-9.303965921949810536e+00 2.714365661699052907e+02 3.022682923622710405e-02
2.265761811522917526e+02 2.653056687965469678e+02 2.647117901470608103e-02
2.303660827975170378e+02 1.346973152871024411e+02 3.045013348339864478e-02
-3.589461826608840056e+02 3.747777669339154727e+01 2.583250447404417116e-02
-3.703191498316011234e+02 -8.805870653536996429e+01 2.468268569698039983e-02
4.707871721692623055e+02 -6.122183077577460608e+01 1.837834124455284268e-02
-4.431276747814490591e+02 -1.254682946128193635e+02 1.941395478389296159e-02
6.881817240898993759e+01 4.593178393359095253e+02 1.904950979323416504e-02
9.459959973155794444e+01 -4.090796773907736679e+02 2.215542220372412885e-02
-1.973911394838962394e+02 -3.849880576711339017e+02 2.131085425804712941e-02
-5.177484956166909313e+01 -3.944969394827454039e+02 2.356939316376838178e-02
4.396880423137803859e+02 -1.529424209186604457e+02 1.904940560682888417e-02
-3.968607882650239276e+02 -2.030286690701265968e+02 2.045181614572300077e-02
-5.329540359813626793e+01 4.863694590984310366e+02 1.718318311196753712e-02
-2.982760924079340725e+02 2.650928378379794026e+02 2.353207871918527871e-02
3.600500201266298745e+02 -2.465636838805606885e+02 2.109296515692449248e-02
2.341490128811828413e+02 -3.674474310434590052e+02 2.110768788858763401e-02
4.685151625605928984e+02 2.775253079460472705e+01 1.878005528714510319e-02
9.763975278885564535e+01 4.295186810193669089e+02 2.075971257099240574e-02
1.636166351676077113e+02 -3.217967903267208385e+02 2.578355536229537393e-02
-3.870116260164856499e+02 1.365955468577013789e+02 2.283358225294307431e-02
3.729463833552328538e+02 -1.411052121887126418e+02 2.357230307958957383e-02
-4.014235609688146269e+02 1.805538745863565850e+02 2.084544690231382447e-02
1.931946733497885873e+02 -3.486374406019714343e+02 2.353955646051986150e-02
1.507228365744460916e+02 -3.744203929477659472e+02 2.321556539598645941e-02
7.381664042274238113e+00 -4.693113500712088353e+02 1.868535520043224096e-02
3.016507057190502792e+02 -2.670621708856679106e+02 2.329094661170927338e-02
-2.027129967851168431e+02 4.202184618314312274e+02 1.890985531770184025e-02
-3.589519401546899076e+02 2.399417680894273417e+02 2.140853734815095777e-02
-1.207907461664542978e+02 -4.035850496928118218e+02 2.206517302960264715e-02
-3.741136717397646407e+02 -9.017533518170477436e+00 2.506571288614090065e-02
-1.719414277406841052e+00 4.369159656726185403e+02 2.100153292803952354e-02
3.653708909770339801e+02 1.640704282903560056e+02 2.345848328776867220e-02
3.706777017429179182e+02 8.418364491411941231e+01 2.471443862039279793e-02
-3.536408686366649476e+02 1.727357136828014177e+02 2.388932680845812229e-02
2.584343409701223209e+02 4.100731139501260145e+02 1.756033650937638413e-02
-2.466881094382614776e+02 -3.951332653438147986e+02 1.897257628201032276e-02
-2.967468854746789475e+02 -2.577630774154415008e+02 2.390519420626446845e-02
-3.794254684233682156e+02 8.122462079984867955e+01 2.423895575493162369e-02
3.865997437236736687e+02 -8.974991746249143887e+01 2.369363906866794878e-02
4.252834330747610352e+02 1.317157972162124757e+01 2.185405454950917203e-02
4.032938984287461608e+02 1.784404122400069355e+02 2.078729622695618673e-02
4.556236722796105028e+02 8.418086440209545174e+01 1.921587991054707345e-02
4.378582596166808827e+01 -3.706154413728552868e+02 2.506826821093000035e-02
-3.422512533857418475e+02 -3.008776700840643912e+02 1.973042239690414590e-02
-8.894333797233655048e+01 4.620651361166544575e+02 1.860142929166386239e-02
-2.504816098488877572e+02 -3.239116193723237984e+02 2.285815292964343826e-02
2.326459174319682290e+02 3.781612432642306771e+02 2.053350473602222337e-02
2.918045866201532021e+02 3.128558839740819622e+02 2.165714210181590715e-02
5.864890873468525001e+00 -3.560328779134943602e+02 2.605031369307653222e-02
4.275564535475057255e+02 -5.488008222743373210e+01 2.147865407188476183e-02
-3.900499227323196010e+02 2.822088954791821607e+02 1.784568604918490564e-02
2.804194010422958172e+02 -6.015946407172753396e+01 2.959121258661667753e-02
-1.230654670674859830e+02 -4.578995638454933896e+02 1.833654076878588057e-02
-8.893757779929421758e+01 -3.553991686517446169e+02 2.546887312914236645e-02
-4.719533817952894879e+02 1.443796283889164300e+01 1.857099018817454095e-02
9.080722055906343826e+01 -4.502910345951820545e+02 1.942122216641450905e-02
-4.105200217769591973e+02 2.796589060556352280e+01 2.277275487730889836e-02
1.006672825890696288e+02 -3.651209159662831780e+02 2.474297132152969425e-02
1.666610429219753655e+02 4.901725947419834029e+02 1.493729335174975859e-02
1.196360223882116856e+02 5.064463223573081905e+02 1.471460805055357923e-02
1.727279775025762092e+02 4.295178768301681203e+02 1.916940061221339420e-02
1.332874546353499738e+02 4.064822722882868220e+02 2.163159340122433605e-02
1.340464924109973595e+02 4.603740161458172224e+02 1.793640266654961124e-02
2.068594146828720000e+02 4.555122083464013940e+02 1.634257723517862360e-02
-5.007705209350718860e+02 -7.770753125080562995e+01 1.591594015350850100e-02
-4.196177448521974611e+02 -8.002931616119971636e+01 2.173829530170223734e-02
-4.871206715676968884e+02 -2.571727468125826022e+01 1.739577664874047969e-02
-5.068358058581971477e+02 -1.326562641738979664e+02 1.452680311391674195e-02
-5.379329155108055147e+02 -1.009564983402272276e+02 1.256490862955672583e-02
-4.522315203560993382e+02 -5.171083717022573722e+01 1.980464083825950183e-02
3.592877551944168317e+02 -3.813988407449663214e+02 1.446736188162844883e-02
3.175752760284358374e+02 -3.606863610530094775e+02 1.788966355394450147e-02
3.221272059562739969e+02 -3.053152888849905366e+02 2.056593248899218906e-02
2.811706676643685228e+02 -3.820308800477371278e+02 1.834865013063335937e-02
3.501879977734828344e+02 -3.359603952737452346e+02 1.754028650077543716e-02
2.713121449468208652e+02 -3.395512402977363990e+02 2.118946346368488776e-02
-1.958893738187350095e+02 5.861206144436448540e+02 5.973961356488644014e-03
-2.345722828751709130e+02 6.193003595637972012e+02 1.519546462247944874e-03
-1.989241049509425920e+02 6.385329253748559495e+02 8.248598970226339588e-04
-2.679458401936821588e+02 6.433924722994404419e+02 -2.190136271337905782e-03
-1.701023320034932453e+02 6.717137491566085146e+02 -1.765954368977418198e-03
-2.360908638090538147e+02 7.061611292290357369e+02 -7.603912984734506608e-03
-7.852185223582916933e+02 4.742987570581531713e+02 -2.998153469548014982e-02
-8.352800749306022681e+02 5.129707978501417074e+02 -3.934361554084375712e-02
-7.063407226870690465e+02 5.286178451093176136e+02 -2.505558419409226190e-02
-7.730864254175696715e+02 5.300933148371409516e+02 -3.291409599680150677e-02
-8.231479139842919039e+02 5.649612779649601180e+02 -4.218121526290019574e-02
-7.419913943390120039e+02 5.702498137159223006e+02 -3.270350024033064074e-02
-1.300158272571275575e+03 -1.189759291602543527e+02 -9.750135346030930350e-02
-1.258444742797287290e+03 -1.155902555505484202e+02 -8.907795941605911594e-02
-1.353253339119922657e+03 -7.523405805096601284e+01 -1.078687450641382384e-01
-1.267550791773860738e+03 -6.740556774021905539e+01 -9.018541472130081615e-02
-1.309265201809200335e+03 -6.381704008980363341e+01 -9.856886995685343322e-02
-1.298651407437020680e+03 -2.175921721910452789e+01 -9.611703132883775424e-02
-1.413801767925538570e+03 -1.204221610075516764e+03 -2.347585829446074968e-01
-1.368300745187772691e+03 -1.194072244148259870e+03 -2.229248822296767685e-01
-1.362997274362277949e+03 -1.146731368251220829e+03 -2.130625118393822959e-01
-1.317495870903006107e+03 -1.137850229953812686e+03 -2.019099966518638212e-01
-1.428977951279563285e+03 -1.126449966401892652e+03 -2.238625813034786916e-01
-1.392581137230243257e+03 -1.080162302880809420e+03 -2.077733845574130100e-01
-4.931683920191846369e+02 -5.323004386376711636e+02 -5.332160040381950239e-03
-4.309789742267490169e+02 -5.284940335132544078e+02 -5.119154449175766786e-04
-3.900251307304489501e+02 -5.200390830492633540e+02 2.820266222585132709e-03
-4.552492322184642717e+02 -4.963711359188812935e+02 3.959649418447952485e-04
-4.142954048142084389e+02 -4.847460002776144279e+02 4.083944707076625491e-03
-4.825540100636683292e+02 -4.448050811931799444e+02 2.212355985847125339e-03
-3.281295428231953792e+01 -9.560285887798909243e+02 -3.603212814891776361e-02
-1.215438457346701000e+02 -9.556064502265789997e+02 -3.704149994001681989e-02
-8.134962525182496051e+01 -9.378535189519128608e+02 -3.375523741772212816e-02
-1.215442366229966922e+02 -9.150290606499920614e+02 -3.106334065876126260e-02
-3.357149201381491821e+01 -8.981212749938915749e+02 -2.757991345481514145e-02
-8.514191121322360800e+01 -8.841730406346536029e+02 -2.610159194898642454e-02
7.528634909813879403e+02 -1.107159527595729060e+03 -1.049074692320459690e-01
7.081194273077976504e+02 -1.106522915953570646e+03 -9.967552456424755292e-02
6.588262369299898182e+02 -1.084329482098840572e+03 -9.056763544742807426e-02
7.263225225974788373e+02 -1.069962024622674562e+03 -9.545391215925747019e-02
6.686877339699774438e+02 -1.035087640027697034e+03 -8.337367086852509601e-02
7.301177576247223442e+02 -1.012054919476196574e+03 -8.639157748348225141e-02
1.684964178882572696e+03 -6.701972714612749087e+02 -2.217476510077744933e-01
1.669042905389618454e+03 -6.313085045234033714e+02 -2.135781636174556297e-01
1.708481127846988784e+03 -6.220147998955437743e+02 -2.230956395775081091e-01
1.631128075175502545e+03 -5.900921527653025578e+02 -1.998113273122044120e-01
1.706211974736516368e+03 -5.772103104416942188e+02 -2.182569240169129898e-01
1.662229024995946702e+03 -5.421219227630880368e+02 -2.035576302895378831e-01
6.672167006828673266e+02 -1.702823077735999391e+02 -1.121542955047516443e-03
6.247460364174798997e+02 -1.406924833029944466e+02 3.901592251125407529e-03
5.815157355910198476e+02 -1.328708242959178278e+02 8.155188296747439836e-03
6.664603790182918601e+02 -1.303389394742268621e+02 -9.681075611212008880e-05
6.368839341986077898e+02 -8.172913199363090087e+01 3.734854817935229221e-03
6.808737350555932153e+02 -7.243245329325864645e+01 -6.933391772001584741e-04
8.621702443813529726e+02 3.686236318126586866e+02 -3.289689949227181387e-02
7.931510976568972637e+02 3.846900141802622102e+02 -2.490012293387167119e-02
8.318338450259100227e+02 4.009607207319024837e+02 -3.083111147941508534e-02
7.666076735225522043e+02 4.311865005726635900e+02 -2.464455855351843638e-02
8.712768356571001505e+02 4.415353795321332768e+02 -3.878577236304181497e-02
8.371481046469652938e+02 4.764088216937188918e+02 -3.673938383323616108e-02
6.225325464282418579e+02 1.112766287647046511e+03 -9.184531997652811697e-02
5.838509270607844428e+02 1.162221698640772956e+03 -9.705081674707116690e-02
5.216534149020587847e+02 1.171523382346531434e+03 -9.337401261728928148e-02
6.392230166020398201e+02 1.177858176233811946e+03 -1.052379799922391612e-01
5.436519859316189240e+02 1.211888393326043342e+03 -1.027869111684935888e-01
5.952314799518790096e+02 1.223509765906989287e+03 -1.096177699139389006e-01
-2.983106167153466686e+02 1.726509278642704430e+03 -2.056998240669827283e-01
-3.582359096278775041e+02 1.735383993854184155e+03 -2.112016350199610315e-01
-2.641767537993540031e+02 1.757788335933481449e+03 -2.127792521192759523e-01
-3.187926872032786036e+02 1.780400437265469236e+03 -2.215745962049595619e-01
-2.960371171466666738e+02 1.817596801057983612e+03 -2.310189848867594264e-01
-3.597553961107954024e+02 1.819497204395527206e+03 -2.348367734464318346e-01
