-2.565031668943944853e+06 5.085463458483061753e+06 -2.861102804828245193e+06
-2.564918684477661736e+06 5.085647019469199702e+06 -2.860879316518400796e+06
-2.565009870781918522e+06 5.085524657505567186e+06 -2.861014164420139510e+06
-2.564822515250968281e+06 5.085621393657982349e+06 -2.861010203875160776e+06
-2.564985024936894886e+06 5.085573078753847629e+06 -2.860950795535154175e+06
-2.564972417855422478e+06 5.085667662456432357e+06 -2.860795012193705421e+06
-2.564951001280283090e+06 5.085620146294400096e+06 -2.860897987861589063e+06
-2.564938182463748381e+06 5.085569466665185988e+06 -2.860998888024772517e+06
-2.565066833286866546e+06 5.085560122163771652e+06 -2.860900816850310192e+06
-2.564829991432369221e+06 5.085673272313933820e+06 -2.860911944199128076e+06
-2.564876341431571636e+06 5.085650644279894419e+06 -2.860910624005768914e+06
-2.565126978715419304e+06 5.085566528603579849e+06 -2.860835938532195520e+06
-2.564930973128353246e+06 5.085541698887029663e+06 -2.861054335584214423e+06
-2.564971092680858914e+06 5.085535350281274877e+06 -2.861029817989191972e+06
-2.564916939598376397e+06 5.085609874731803313e+06 -2.860946457771202084e+06
-2.564768389477732591e+06 5.085679131972715259e+06 -2.860956453485653270e+06
-2.565008288537031040e+06 5.085602361207913607e+06 -2.860878373520457186e+06
-2.565109429846429266e+06 5.085541841363469139e+06 -2.860895158872165252e+06
-2.564900616675513797e+06 5.085584247260901146e+06 -2.861006243328803685e+06
-2.564995459376724903e+06 5.085549978021821938e+06 -2.860982291423859075e+06
-2.565106131512906868e+06 5.085515092648915946e+06 -2.860945326180333272e+06
-2.565116283204396721e+06 5.085472907087035477e+06 -2.861010769667385146e+06
-2.565003668868971057e+06 5.085502256333046593e+06 -2.861059239096883219e+06
-2.564938954325326718e+06 5.085665314435349777e+06 -2.860828960318984464e+06
-2.565081561241729185e+06 5.085596058822964318e+06 -2.860824245307636447e+06
-2.564905474216336384e+06 5.085696618846840225e+06 -2.860803499234514311e+06
-2.564990080823199823e+06 5.085631945202350616e+06 -2.860842350940564647e+06
-2.564942083024833817e+06 5.085496359061223455e+06 -2.861124493333651219e+06
-2.564881660671466496e+06 5.085558451626865193e+06 -2.861068668923002668e+06
-2.565042548196761869e+06 5.085602918977120891e+06 -2.860846877344298642e+06
-2.565036672972853296e+06 5.085498641497836448e+06 -2.861036230288373306e+06
-2.565057130032367073e+06 5.085628461376357824e+06 -2.860788788359759841e+06
-2.564858744279741775e+06 5.085545014039921574e+06 -2.861112800405434798e+06
-2.565148825095360167e+06 5.085520581933998503e+06 -2.860897610663039610e+06
-2.564860635809483472e+06 5.085592554878111929e+06 -2.861027177629656158e+06
-2.564796378190475516e+06 5.085601569434136152e+06 -2.861068480326557066e+06
-2.565027086224599741e+06 5.085550368900774978e+06 -2.860953435912403744e+06
-2.564842184046437033e+06 5.085638497833898291e+06 -2.860962488629752304e+06
-2.564981940313647036e+06 5.085474333511945792e+06 -2.861127888052497525e+06
-2.564781424594737124e+06 5.085701610614906065e+06 -2.860905154631650541e+06
-2.564880037650931627e+06 5.085629340481856838e+06 -2.860944948983352631e+06
-2.565149973307237029e+06 5.085499280914148316e+06 -2.860934198864139616e+06
-2.564752014376162086e+06 5.085651714769380167e+06 -2.861019445144634694e+06
-2.565015297410710715e+06 5.085574152668216266e+06 -2.860921939943878446e+06
-2.564848165905914269e+06 5.085529092153008096e+06 -2.861150330890511163e+06
-2.564815251418421045e+06 5.085708049152571708e+06 -2.860863662742435932e+06
-2.565074077521225438e+06 5.085456595507477410e+06 -2.861077155759832356e+06
-2.564784757780021522e+06 5.085654321345009841e+06 -2.860985686185105238e+06
-2.565010020543314517e+06 5.085666427174360491e+06 -2.860763704388462007e+06
-2.565111263369626366e+06 5.085449482321002521e+06 -2.861056598744170275e+06
-2.565019761969660409e+06 5.085633530472217128e+06 -2.860813117873115931e+06
-2.564901274849844165e+06 5.085529972945391200e+06 -2.861101484657016117e+06
-2.564864406315716449e+06 5.085685929356712848e+06 -2.860858947745457757e+06
-2.565066756312487647e+06 5.085539759716690518e+06 -2.860936839245236944e+06
-2.565152713306276128e+06 5.085474399480861612e+06 -2.860975690496317577e+06
-2.564783568143227138e+06 5.085625013475629501e+06 -2.861038493451927789e+06
-2.564966482874211855e+06 5.085509368724735454e+06 -2.861079796107778326e+06
-2.564833187103439122e+06 5.085573498917367309e+06 -2.861085265398003627e+06
-2.564956514077174477e+06 5.085597392113941722e+06 -2.860933255870741326e+06
-2.565071296309594065e+06 5.085503289039813913e+06 -2.860997190646244213e+06
-2.564790692318393849e+06 5.085580189537048340e+06 -2.861111291639628820e+06
-2.564816441344963852e+06 5.085555453528936952e+06 -2.861132037151934579e+06
-2.564869740522690583e+06 5.085610607656907290e+06 -2.860987194967556279e+06
-2.564865790199197829e+06 5.085712253713503480e+06 -2.860811231866187416e+06
-2.564943721072413027e+06 5.085696661309406161e+06 -2.860769362431926653e+06
-2.564900374414217193e+06 5.085499556234762073e+06 -2.861155988741850946e+06
-2.564807891595561057e+06 5.085661453437081538e+06 -2.860952492920599412e+06
-2.565094729069590569e+06 5.085612060628478415e+06 -2.860784261932934169e+06
-2.565090545645996463e+06 5.085571767372040078e+06 -2.860859136345374864e+06
-2.564954053997975308e+06 5.085641357198608108e+06 -2.860857816145893186e+06
-2.565080130896460265e+06 5.085475333215919323e+06 -2.861038682048870251e+06
-2.565150309530966915e+06 5.085542050118084997e+06 -2.860858381945689674e+06
-2.564947551769882906e+06 5.085473518549592234e+06 -2.861159949236116372e+06
-2.564758832114035729e+06 5.085619756978317164e+06 -2.861069800501612481e+06
-2.565038831868367735e+06 5.085526499806613661e+06 -2.860985120391634293e+06
-2.565113363840877544e+06 5.085409860717038624e+06 -2.861124681929169688e+06
-2.565110233398008626e+06 5.085390182083250955e+06 -2.861162212375077419e+06
-2.564816649780262727e+06 5.085788302308301441e+06 -2.860720703166254796e+06
-2.565040798995846882e+06 5.085420931838812307e+06 -2.861169756168366875e+06
-2.564689763227723073e+06 5.085772508065900765e+06 -2.860861588144006208e+06
-2.564966824560173322e+06 5.085408997521388344e+06 -2.861256698025236372e+06
-2.564768964610359166e+06 5.085552265276964754e+06 -2.861179940281378105e+06
-2.565273137798000127e+06 5.085502630925651640e+06 -2.860818587291443255e+06
-2.564742085955985356e+06 5.085579814096907154e+06 -2.861155234361834824e+06
-2.565198133884951472e+06 5.085561078608284704e+06 -2.860782187320037745e+06
-2.564811375114296563e+06 5.085516776005988009e+06 -2.861204834741496947e+06
-2.564700296302116476e+06 5.085663697062175721e+06 -2.861044339955695439e+06
-2.564951906261759810e+06 5.085441732485753484e+06 -2.861212189912477974e+06
-2.564852066896831151e+06 5.085754100016427226e+06 -2.860749559267500415e+06
-2.564670620482880622e+06 5.085758129816583358e+06 -2.860904023036677856e+06
-2.564730585914792027e+06 5.085558695165596902e+06 -2.861202760205233470e+06
-2.564684336991427466e+06 5.085729744146300480e+06 -2.860941931407053955e+06
-2.564897395532726776e+06 5.085774921956272796e+06 -2.860672420898676850e+06
-2.565209007710045669e+06 5.085382232839105651e+06 -2.861088282936313190e+06
-2.564735652152310126e+06 5.085728752690519206e+06 -2.860897987861589063e+06
-2.564729505850457586e+06 5.085788993761171587e+06 -2.860797086804265156e+06
-2.565101326466259081e+06 5.085636930045739748e+06 -2.860734471119107213e+06
-2.565233937185638584e+06 5.085470386937052011e+06 -2.860910435406704433e+06
-2.565014637612892315e+06 5.085404430407638662e+06 -2.861222185393630061e+06
-2.565030999936013483e+06 5.085443606826604344e+06 -2.861138449393543880e+06
-2.564953121738062240e+06 5.085743933647350408e+06 -2.860677513178742025e+06
-2.564899844578120392e+06 5.085735985488004982e+06 -2.860738997565724421e+06
-2.565177767229226884e+06 5.085411237020880915e+06 -2.861064896993492264e+06
-2.565180832281858195e+06 5.085607615450083278e+06 -2.860715422303208616e+06
-2.564963379477034323e+06 5.085712059435933828e+06 -2.860724663811931852e+06
-2.564762549695384223e+06 5.085792195410930552e+06 -2.860762006974874530e+06
-2.565223091177362949e+06 5.085502774866161868e+06 -2.860862908343050629e+06
-2.564723727401877753e+06 5.085678156782836653e+06 -2.860997945036732592e+06
-2.565152998286153190e+06 5.085631587725983001e+06 -2.860697882276231889e+06
-2.565069336548573803e+06 5.085676241685950197e+06 -2.860693544415931683e+06
-2.564735655234899372e+06 5.085612538928204216e+06 -2.861103182019996457e+06
-2.564907256057229824e+06 5.085464359353723936e+06 -2.861212001318409108e+06
-2.564780534250471275e+06 5.085512888457812369e+06 -2.861239158832085319e+06
-2.564763994448255748e+06 5.085763056829772890e+06 -2.860812174869690556e+06
-2.564644141692092642e+06 5.085671934379919432e+06 -2.861079796107778326e+06
-2.564818884854208678e+06 5.085727044182884507e+06 -2.860826885714231525e+06
-2.565074917120131664e+06 5.085426262309979647e+06 -2.861129962602404878e+06
-2.565002422083742917e+06 5.085732205791981891e+06 -2.860654314995558001e+06
-2.565215812458260451e+06 5.085535499047357589e+06 -2.860811609067597892e+06
-2.565154940340175293e+06 5.085441765058610588e+06 -2.861031326765794773e+06
-2.564742710919852369e+06 5.085752856139629148e+06 -2.860849140545490663e+06
-2.565027693686779123e+06 5.085698099366210401e+06 -2.860692035594569985e+06
-2.565167851419744082e+06 5.085558302460505627e+06 -2.860814060876463540e+06
-2.565237670173520688e+06 5.085434002477586269e+06 -2.860971352741848212e+06
-2.564702521526901517e+06 5.085593998690306209e+06 -2.861165418487836607e+06
-2.565167665620111860e+06 5.085382790654095821e+06 -2.861124116142606363e+06
-2.564661222936455626e+06 5.085616534757972695e+06 -2.861162400969970971e+06
-2.564696030948051717e+06 5.085616499201207422e+06 -2.861131471365736332e+06
-2.564659007001691032e+06 5.085687937078983523e+06 -2.861038304854982067e+06
-2.564848885944893118e+06 5.085478309196855873e+06 -2.861239347425703891e+06
-2.565197925397377461e+06 5.085496669833746739e+06 -2.860896101868717466e+06
-2.565074940240499098e+06 5.085394310701413080e+06 -2.861186352496007923e+06
-2.565239597856919747e+06 5.085552339847830124e+06 -2.860760686764131300e+06
-2.565111620137209073e+06 5.085662391127491370e+06 -2.860680342222239356e+06
-2.564660189436009619e+06 5.085708810130127706e+06 -2.861000396805474069e+06
-2.565249409816751722e+06 5.085394967028984800e+06 -2.861029817989191972e+06
-2.564813578579038847e+06 5.085763684341633692e+06 -2.860766910613437183e+06
-2.565052531822402962e+06 5.085713661030531861e+06 -2.860642432980991434e+06
-2.564874780870786868e+06 5.085762083054061979e+06 -2.860715233700911980e+06
-2.564703437542265747e+06 5.085634554647320881e+06 -2.861092997838321608e+06
-2.565147467052685097e+06 5.085369691791313700e+06 -2.861165229892993812e+06
-2.564879208650644403e+06 5.085487905623099767e+06 -2.861195405028159730e+06
-2.565066736041015945e+06 5.085378045449773781e+06 -2.861222373987529892e+06
-2.565262403889716137e+06 5.085445986931886524e+06 -2.860928163705044892e+06
-2.565146731616228353e+06 5.085410334723633714e+06 -2.861094129414513241e+06
-2.565177112068741117e+06 5.085588450995547697e+06 -2.860752576894779690e+06
-2.565211288098760415e+06 5.085459166853604838e+06 -2.860950418338354211e+06
-2.565002647305506747e+06 5.085690545762799680e+06 -2.860727681445807684e+06
-2.565212009037577547e+06 5.085581849940161221e+06 -2.860733150905171875e+06
-2.565188852899078280e+06 5.085527521974015050e+06 -2.860849706345718354e+06
-2.564642918241467793e+06 5.085753728478499688e+06 -2.860936462047974579e+06
-2.564607252328012139e+06 5.085708268182990141e+06 -2.861048489085579757e+06
-2.565363697872906458e+06 5.085340305534115992e+06 -2.861024537269507535e+06
-2.564534639826849103e+06 5.085725978444049135e+06 -2.861081870666448958e+06
-2.565110575676965527e+06 5.085731057292565703e+06 -2.860560012951393612e+06
-2.564957124648598954e+06 5.085369556805786677e+06 -2.861334963987919968e+06
-2.564701311775206588e+06 5.085510753628404811e+06 -2.861313464475871995e+06
-2.564829396025283728e+06 5.085441349562894553e+06 -2.861321951130215544e+06
-2.565317291795372032e+06 5.085317354892152362e+06 -2.861106388149378821e+06
-2.564560188878418412e+06 5.085673893696030602e+06 -2.861151085270852316e+06
-2.565007041287456173e+06 5.085796946109651588e+06 -2.860535871502546128e+06
-2.564743342368246056e+06 5.085818115620813332e+06 -2.860733339507172350e+06
-2.565227161344453227e+06 5.085315497775263153e+06 -2.861189935790845659e+06
-2.565090183324645273e+06 5.085323487847471610e+06 -2.861297811296819709e+06
-2.565379750382818747e+06 5.085377178363803774e+06 -2.860945137581844348e+06
-2.565130254502128344e+06 5.085706072978758253e+06 -2.860586606206904631e+06
-2.565036486216595396e+06 5.085373647485600784e+06 -2.861257075211889111e+06
-2.564638000625175890e+06 5.085806300972235389e+06 -2.860848008944950998e+06
-2.565260107821286656e+06 5.085352183316268027e+06 -2.861095826778590214e+06
-2.564634064915763214e+06 5.085830501033573411e+06 -2.860808780056713149e+06
-2.565057440081342589e+06 5.085349511405780911e+06 -2.861281026538742241e+06
-2.565014278844696935e+06 5.085358248836721294e+06 -2.861304034852514043e+06
-2.564867009415955283e+06 5.085384561981204897e+06 -2.861388712590395473e+06
-2.565170853917506989e+06 5.085333538953194395e+06 -2.861208229436385911e+06
-2.564860189347553533e+06 5.085837580445903353e+06 -2.860594904798747506e+06
-2.564684055091909599e+06 5.085835303924744017e+06 -2.860755783122887835e+06
-2.564765926698113792e+06 5.085468766142535023e+06 -2.861330060594009701e+06
-2.564619926857121754e+06 5.085741824362128042e+06 -2.860977953671906143e+06
-2.565043043515230529e+06 5.085753797525817528e+06 -2.860580005049983505e+06
-2.565315360224901699e+06 5.085478555401105434e+06 -2.860823490905640647e+06
-2.565303864783355501e+06 5.085443978795736097e+06 -2.860894781673521735e+06
-2.564675140864260495e+06 5.085805835670034401e+06 -2.860815758282291703e+06
-2.565269869444599375e+06 5.085625825737723149e+06 -2.860603957801134791e+06
-2.564655233634454198e+06 5.085528863706463948e+06 -2.861322516906946898e+06
-2.564638455602386035e+06 5.085606759240022860e+06 -2.861199931291536428e+06
-2.564633522388604935e+06 5.085780575919694267e+06 -2.860897422063760459e+06
-2.565282734656607267e+06 5.085366726942474954e+06 -2.861049997859708034e+06
-2.565338188447480090e+06 5.085390774187928997e+06 -2.860958150870254263e+06
-2.565352139478156343e+06 5.085467265542462468e+06 -2.860810666064047720e+06
-2.565379707294637337e+06 5.085405720052541234e+06 -2.860894781673521735e+06
-2.564919572496863548e+06 5.085407939739503898e+06 -2.861300640186193399e+06
-2.564589063123784028e+06 5.085609875996264629e+06 -2.861238404457580764e+06
-2.564970274054758251e+06 5.085803207725472748e+06 -2.860557561087830458e+06
-2.564666321436097380e+06 5.085559271588484757e+06 -2.861258961144965142e+06
-2.565240360079502221e+06 5.085624583396750502e+06 -2.860632436990880407e+06
-2.565279910193252843e+06 5.085571630998723209e+06 -2.860690715375714470e+06
-2.564888678014061879e+06 5.085430892820377834e+06 -2.861287627289252821e+06
-2.565326388662167825e+06 5.085362331055446528e+06 -2.861018879352841992e+06
-2.564664876683678012e+06 5.085866335450472310e+06 -2.860718062735037878e+06
-2.565193945543580689e+06 5.085426469763925299e+06 -2.861023594283592422e+06
-2.564752856643854175e+06 5.085447903240646236e+06 -2.861378528664150275e+06
-2.564804160751335789e+06 5.085473839553085156e+06 -2.861287061510787811e+06
-2.564537333106434438e+06 5.085795329434982501e+06 -2.860957019280548207e+06
-2.564945362691184506e+06 5.085354657632040791e+06 -2.861371739374924917e+06
-2.564594935574541800e+06 5.085773118488041684e+06 -2.860944948983352631e+06
-2.564971476400570944e+06 5.085384538216461428e+06 -2.861295736777498387e+06
-2.565204204657893628e+06 5.085699424920903519e+06 -2.860532476607197430e+06
-2.565165524641817436e+06 5.085727158233934082e+06 -2.860517953987893648e+06
-2.565197297349158674e+06 5.085672257329187356e+06 -2.860586606206904631e+06
-2.565157402089295909e+06 5.085680738861325197e+06 -2.860607164071088191e+06
-2.565169029946362134e+06 5.085702108055351302e+06 -2.860559069927008823e+06
-2.565233053423988167e+06 5.085667358441487886e+06 -2.860563407838534098e+06
-2.564492876854986884e+06 5.085771177305332385e+06 -2.861039247839679942e+06
-2.564564865848054178e+06 5.085733701381890103e+06 -2.861041322405738756e+06
-2.564515630135315936e+06 5.085785979432591237e+06 -2.860992852899966761e+06
-2.564476294395932462e+06 5.085751767712784931e+06 -2.861088282936313190e+06
-2.564454969961541239e+06 5.085778542341266759e+06 -2.861059993483259808e+06
-2.564541500118097290e+06 5.085759796643287875e+06 -2.861016050393454731e+06
-2.565199077523166779e+06 5.085261508256188594e+06 -2.861310258404806722e+06
-2.565166044376334641e+06 5.085288640559510328e+06 -2.861291776330472436e+06
-2.565181361956670415e+06 5.085308902846344747e+06 -2.861242364923174493e+06
-2.565129202627686318e+06 5.085296434717941098e+06 -2.861310824182119220e+06
-2.565200187687620521e+06 5.085283916513055563e+06 -2.861269710957532283e+06
-2.565129033949448261e+06 5.085317992324412800e+06 -2.861272917040016502e+06
